0,2.925518120488217,23.384745109807756,9.503963329406186,1.0
1,-16.687170375728265,7.246433134289812,-2.941812521509327,1.0
2,-18.173654032518364,12.425452915682344,24.82450016926834,1.0
3,-23.43325200548227,33.12129318296742,6.276755702788991,1.0
4,-23.43325200548227,33.12129318296742,6.276755702788991,1.0
5,-18.173654032518364,12.425452915682344,24.82450016926834,1.0
